SARIMA Performance
MAE : 14.944974788875111
MSE : 373.36882030238206
RMSE: 19.322753952332523
R²  : 0.3305170194548531

SARIMAX Performance
MAE : 15.106864808120788
MSE : 385.37390536106034
RMSE: 19.630942548972538
R²  : 0.30899085098617163

Prophet Performance
MAE : 11.245620681723896
MSE : 179.84242948019198
RMSE: 13.410534272734699
R²  : 0.6775267800365087